username,user_rating,first_line_percentage,second_line_percentage,third_line_percentage,bad_moves_percentage
Ucitel,2599,94.59,2.70,0.00,2.70
Ucitel,2578,96.67,3.33,0.00,0.00
Ucitel,2611,96.00,4.00,0.00,0.00
Ucitel,2608,95.24,0.00,4.76,0.00
Ucitel,2634,95.12,2.44,0.00,2.44
Ucitel,2557,95.00,2.50,0.00,2.50
Ucitel,2637,94.74,5.26,0.00,0.00
Ucitel,2599,94.29,5.71,0.00,0.00
Ucitel,2589,94.29,2.86,0.00,2.86
Ucitel,2597,94.12,5.88,0.00,0.00
Ucitel,2587,93.75,6.25,0.00,0.00
Ucitel,2613,93.75,3.12,3.12,0.00
Ucitel,2589,93.75,6.25,0.00,0.00
Ucitel,2608,93.55,6.45,0.00,0.00
Ucitel,2607,93.33,0.00,0.00,6.67
Ucitel,2576,93.33,3.33,0.00,3.33
Ucitel,2596,92.86,7.14,0.00,0.00
Ucitel,2594,92.59,7.41,0.00,0.00
Ucitel,2629,92.31,7.69,0.00,0.00
Ucitel,2607,92.31,7.69,0.00,0.00
Ucitel,2591,92.00,8.00,0.00,0.00
Ucitel,2601,91.53,05.08,3.39,0.00
Ucitel,2602,90.91,0.00,09.09,0.00
Ucitel,2591,90.91,6.82,0.00,2.27
Ucitel,2590,90.91,06.06,0.00,03.03
Ucitel,2609,90.91,09.09,0.00,0.00
Ucitel,2591,90.91,0.00,0.00,09.09
Ucitel,2606,90.91,0.00,0.00,09.09
Ucitel,2603,90.91,7.58,1.52,0.00
Ucitel,2597,90.70,4.65,2.33,2.33
Ucitel,2596,90.62,1.56,0.00,7.81
Ucitel,2615,90.62,6.25,0.00,3.12
Ucitel,2572,90.62,3.12,3.12,3.12
Ucitel,2615,90.48,4.76,4.76,0.00
Ucitel,2407,90.48,4.76,0.00,4.76
Ucitel,2598,90.32,6.45,3.23,0.00
Ucitel,2601,90.32,3.23,3.23,3.23
Ucitel,2407,90.32,6.45,3.23,0.00
Ucitel,2605,90.00,2.00,4.00,4.00
Ucitel,2615,89.71,5.88,1.47,2.94
Ucitel,2606,89.66,10.34,0.00,0.00
Ucitel,2606,89.58,4.17,0.00,6.25
Ucitel,2614,89.47,0.00,2.63,7.89
Ucitel,2602,89.47,5.26,5.26,0.00
Ucitel,2605,89.23,7.69,1.54,1.54
Ucitel,2601,88.89,11.11,0.00,0.00
Ucitel,2582,88.89,11.11,0.00,0.00
Ucitel,2582,88.57,8.57,2.86,0.00
Ucitel,2579,88.52,4.92,0.00,6.56
Ucitel,2614,88.24,11.76,0.00,0.00
Ucitel,2557,88.24,5.88,0.00,5.88
Ucitel,2596,88.16,7.89,0.00,3.95
Ucitel,2621,88.10,4.76,0.00,7.14
Ucitel,2609,88.00,4.00,4.00,4.00
Ucitel,2584,88.00,8.00,0.00,4.00
Ucitel,2596,87.93,8.62,1.72,1.72
Ucitel,2620,87.50,3.12,3.12,6.25
Ucitel,2620,87.50,6.25,6.25,0.00
Ucitel,2611,87.10,11.29,1.61,0.00
Ucitel,2581,87.04,1.85,11.11,0.00
Ucitel,2560,86.96,6.52,2.17,4.35
Ucitel,2589,86.67,13.33,0.00,0.00
Ucitel,2616,86.21,10.34,0.00,3.45
Ucitel,2574,85.92,9.86,2.82,1.41
Ucitel,2601,85.71,5.71,0.00,8.57
Ucitel,2581,85.71,2.86,0.00,11.43
Ucitel,2594,85.71,3.57,10.71,0.00
Ucitel,2603,85.71,9.52,2.38,2.38
Ucitel,2607,85.71,10.71,0.00,3.57
Ucitel,2579,85.29,8.82,5.88,0.00
Ucitel,2557,85.29,8.82,2.94,2.94
Ucitel,2610,85.19,3.70,11.11,0.00
Ucitel,2576,85.11,10.64,0.00,4.26
Ucitel,2609,85.00,10.00,0.00,5.00
Ucitel,2589,84.91,11.32,1.89,1.89
Ucitel,2636,84.85,06.06,03.03,06.06
Ucitel,2618,84.62,10.26,2.56,2.56
Ucitel,2634,84.62,7.69,7.69,0.00
Ucitel,2558,84.62,10.26,2.56,2.56
Ucitel,2586,84.48,3.45,0.00,12.07
Ucitel,2599,84.44,11.11,0.00,4.44
Ucitel,2615,84.44,13.33,2.22,0.00
Ucitel,1521,84.38,6.25,9.38,0.00
Ucitel,2576,84.21,2.63,5.26,7.89
Ucitel,2612,84.21,5.26,1.32,9.21
Ucitel,2594,84.09,11.36,4.55,0.00
Ucitel,2625,84.09,09.09,0.00,6.82
Ucitel,2611,84.00,12.00,0.00,4.00
Ucitel,2554,83.78,13.51,2.70,0.00
Ucitel,2582,83.67,8.16,04.08,04.08
Ucitel,2606,83.33,16.67,0.00,0.00
Ucitel,2637,83.33,12.96,1.85,1.85
Ucitel,2634,83.33,11.11,2.78,2.78
Ucitel,2610,83.08,12.31,03.08,1.54
Ucitel,2632,82.76,10.34,6.90,0.00
Ucitel,2617,82.61,4.35,0.00,13.04
Ucitel,2554,82.61,17.39,0.00,0.00
Ucitel,2558,82.61,8.70,4.35,4.35
Ucitel,2611,82.35,17.65,0.00,0.00
Ucitel,2597,82.22,13.33,2.22,2.22
Ucitel,2629,82.14,10.71,7.14,0.00
Ucitel,2579,82.14,7.14,10.71,0.00
Ucitel,2616,81.97,4.92,3.28,9.84
Ucitel,2594,81.82,13.64,0.00,4.55
Ucitel,2597,81.82,4.55,4.55,09.09
Ucitel,2588,81.82,09.09,5.45,3.64
Ucitel,2592,81.58,2.63,7.89,7.89
Ucitel,2638,81.58,5.26,7.89,5.26
Ucitel,2601,81.48,12.96,0.00,5.56
Ucitel,2593,81.48,14.81,0.00,3.70
Ucitel,2617,81.40,2.33,13.95,2.33
Ucitel,2612,81.25,12.50,3.12,3.12
Ucitel,2565,81.25,8.33,6.25,4.17
Ucitel,2597,80.95,11.90,4.76,2.38
Ucitel,2614,80.85,12.77,6.38,0.00
Ucitel,2599,80.77,11.54,7.69,0.00
Ucitel,2611,80.77,7.69,7.69,3.85
Ucitel,2612,80.77,11.54,3.85,3.85
Ucitel,2562,80.56,13.89,2.78,2.78
Ucitel,2571,80.49,4.88,4.88,9.76
Ucitel,2560,80.49,7.32,7.32,4.88
Ucitel,2620,80.49,4.88,4.88,9.76
Ucitel,2611,80.43,6.52,4.35,8.70
Ucitel,2607,80.39,9.80,9.80,0.00
Ucitel,2626,80.30,7.58,7.58,4.55
Ucitel,2600,80.00,20.00,0.00,0.00
Ucitel,2607,80.00,12.00,2.00,6.00
Ucitel,2637,80.00,8.00,4.00,8.00
Ucitel,2582,80.00,10.00,10.00,0.00
Ucitel,2571,80.00,10.00,5.00,5.00
Ucitel,2584,80.00,7.50,5.00,7.50
Ucitel,2613,79.66,10.17,1.69,8.47
Ucitel,2628,79.63,7.41,9.26,3.70
Ucitel,2560,79.55,09.09,2.27,09.09
Ucitel,2595,79.31,6.90,13.79,0.00
Ucitel,2572,79.17,8.33,4.17,8.33
Ucitel,2559,79.17,16.67,0.00,4.17
Ucitel,2586,79.07,9.30,0.00,11.63
Ucitel,2577,78.95,15.79,2.63,2.63
Ucitel,2599,78.87,2.82,11.27,07.04
Ucitel,2585,78.79,06.06,06.06,09.09
Ucitel,2615,78.57,17.86,0.00,3.57
Ucitel,1521,78.57,14.29,0.00,7.14
Ucitel,2595,78.38,9.46,5.41,6.76
Ucitel,2559,78.38,16.22,0.00,5.41
Ucitel,2604,78.33,10.00,10.00,1.67
Ucitel,2616,77.78,11.11,3.70,7.41
Ucitel,2581,77.78,7.41,7.41,7.41
Ucitel,2611,77.78,22.22,0.00,0.00
Ucitel,1521,77.78,22.22,0.00,0.00
Ucitel,2558,77.78,13.89,8.33,0.00
Ucitel,2613,77.50,20.00,2.50,0.00
Ucitel,2562,77.27,0.00,18.18,4.55
Ucitel,2599,76.92,3.85,15.38,3.85
Ucitel,2630,76.74,13.95,6.98,2.33
Ucitel,2576,76.67,10.00,6.67,6.67
Ucitel,2559,76.67,16.67,0.00,6.67
Ucitel,2615,76.60,8.51,8.51,6.38
Ucitel,2608,76.60,10.64,2.13,10.64
Ucitel,2612,76.47,14.71,0.00,8.82
Ucitel,2606,76.47,16.18,2.94,4.41
Ucitel,2588,75.76,13.64,03.03,7.58
Ucitel,2557,75.76,18.18,0.00,06.06
Ucitel,2557,75.51,14.29,04.08,6.12
Ucitel,2627,75.47,9.43,11.32,3.77
Ucitel,2595,75.00,25.00,0.00,0.00
Ucitel,2608,74.63,13.43,1.49,10.45
Ucitel,2598,74.29,12.86,5.71,7.14
Ucitel,2607,73.91,0.00,17.39,8.70
Ucitel,2582,73.68,17.54,8.77,0.00
Ucitel,2613,73.53,11.76,8.82,5.88
Ucitel,2612,73.33,16.67,3.33,6.67
Ucitel,2590,73.21,17.86,7.14,1.79
Ucitel,2611,72.86,11.43,11.43,4.29
Ucitel,2557,72.73,12.12,06.06,09.09
Ucitel,2603,72.50,17.50,5.00,5.00
Ucitel,2620,72.22,13.89,13.89,0.00
Ucitel,1521,72.22,22.22,5.56,0.00
Ucitel,2611,71.88,15.62,9.38,3.12
Ucitel,2637,70.27,18.92,8.11,2.70
Ucitel,2581,70.18,8.77,3.51,17.54
Ucitel,2592,70.00,5.00,20.00,5.00
Ucitel,2557,69.57,13.04,8.70,8.70
Ucitel,2597,69.35,16.13,14.52,0.00
Ucitel,2612,69.23,19.23,11.54,0.00
Ucitel,2599,68.33,15.00,5.00,11.67
Ucitel,2607,67.86,14.29,3.57,14.29
Ucitel,1521,66.67,22.22,11.11,0.00
Ro_ro2,894,58.33,13.89,25.00,2.78
Ro_ro2,898,80.00,20.00,0.00,0.00
Ro_ro2,861,80.00,4.44,11.11,4.44
Ro_ro2,854,80.00,0.00,20.00,0.00
Ro_ro2,873,77.78,11.11,11.11,0.00
Ro_ro2,867,77.78,5.56,16.67,0.00
Ro_ro2,854,77.78,0.00,11.11,11.11
Ro_ro2,870,76.47,17.65,5.88,0.00
Ro_ro2,893,75.00,3.12,3.12,18.75
Ro_ro2,884,75.00,0.00,8.33,16.67
Ro_ro2,851,75.00,13.33,10.00,1.67
Ro_ro2,862,73.33,6.67,13.33,6.67
Ro_ro2,915,72.22,0.00,11.11,16.67
Ro_ro2,848,72.22,5.56,16.67,5.56
Ro_ro2,870,71.43,14.29,14.29,0.00
Ro_ro2,902,71.19,8.47,13.56,6.78
Ro_ro2,869,70.00,30.00,0.00,0.00
Ro_ro2,910,69.70,09.09,21.21,0.00
Ro_ro2,849,69.57,13.04,8.70,8.70
Ro_ro2,893,69.44,19.44,5.56,5.56
Ro_ro2,903,69.23,15.38,7.69,7.69
Ro_ro2,877,68.75,6.25,25.00,0.00
Ro_ro2,876,68.75,15.62,12.50,3.12
Ro_ro2,853,68.52,7.41,18.52,5.56
Ro_ro2,911,68.42,0.00,15.79,15.79
Ro_ro2,912,67.74,6.45,24.19,1.61
Ro_ro2,887,66.67,14.81,18.52,0.00
Ro_ro2,889,66.67,16.67,16.67,0.00
Ro_ro2,836,66.67,11.11,18.52,3.70
Ro_ro2,895,66.67,10.26,20.51,2.56
Ro_ro2,896,66.67,22.22,11.11,0.00
Ro_ro2,879,66.67,16.67,16.67,0.00
Ro_ro2,867,65.38,3.85,15.38,15.38
Ro_ro2,871,65.00,5.00,7.50,22.50
Ro_ro2,856,65.00,12.50,22.50,0.00
Ro_ro2,892,64.58,10.42,25.00,0.00
Ro_ro2,906,64.41,16.95,8.47,10.17
Ro_ro2,855,64.29,0.00,14.29,21.43
Ro_ro2,874,64.10,20.51,7.69,7.69
Ro_ro2,878,63.64,15.15,09.09,12.12
Ro_ro2,883,63.64,20.45,11.36,4.55
Ro_ro2,873,63.64,18.18,0.00,18.18
Ro_ro2,872,63.41,12.20,19.51,4.88
Ro_ro2,851,63.16,5.26,31.58,0.00
Ro_ro2,872,62.96,7.41,25.93,3.70
Ro_ro2,867,62.86,20.00,14.29,2.86
Ro_ro2,873,62.50,25.00,12.50,0.00
Ro_ro2,850,62.50,15.62,21.88,0.00
Ro_ro2,857,62.50,0.00,31.25,6.25
Ro_ro2,879,62.50,31.25,6.25,0.00
Ro_ro2,874,62.50,12.50,25.00,0.00
Ro_ro2,852,62.50,18.75,12.50,6.25
Ro_ro2,896,62.16,2.70,35.14,0.00
Ro_ro2,880,62.07,17.24,20.69,0.00
Ro_ro2,901,61.90,14.29,9.52,14.29
Ro_ro2,895,61.54,20.51,15.38,2.56
Ro_ro2,844,61.54,19.23,11.54,7.69
Ro_ro2,1500,61.54,15.38,7.69,15.38
Ro_ro2,885,61.54,7.69,30.77,0.00
Ro_ro2,908,61.40,15.79,21.05,1.75
Ro_ro2,896,61.29,19.35,19.35,0.00
Ro_ro2,890,60.87,17.39,8.70,13.04
Ro_ro2,833,60.87,13.04,13.04,13.04
Ro_ro2,887,60.87,8.70,17.39,13.04
Ro_ro2,897,60.32,6.35,9.52,23.81
Ro_ro2,900,60.00,12.00,28.00,0.00
Ro_ro2,880,60.00,14.55,20.00,5.45
Ro_ro2,905,60.00,20.00,16.00,4.00
Ro_ro2,847,60.00,8.00,16.00,16.00
Ro_ro2,868,59.68,9.68,25.81,4.84
Ro_ro2,888,59.38,21.88,12.50,6.25
Ro_ro2,889,58.33,0.00,33.33,8.33
Ro_ro2,843,57.89,15.79,26.32,0.00
Ro_ro2,852,57.89,31.58,10.53,0.00
Ro_ro2,908,57.69,23.08,19.23,0.00
Ro_ro2,828,57.69,15.38,26.92,0.00
Ro_ro2,892,57.69,11.54,15.38,15.38
Ro_ro2,867,57.14,4.76,28.57,9.52
Ro_ro2,866,57.14,16.67,11.90,14.29
Ro_ro2,822,57.14,28.57,14.29,0.00
Ro_ro2,888,57.14,9.52,23.81,9.52
Ro_ro2,910,57.14,21.43,21.43,0.00
Ro_ro2,911,57.14,23.81,14.29,4.76
Ro_ro2,873,57.14,7.14,35.71,0.00
Ro_ro2,866,57.14,9.52,14.29,19.05
Ro_ro2,887,57.14,14.29,25.71,2.86
Ro_ro2,870,57.14,28.57,14.29,0.00
Ro_ro2,893,56.67,6.67,20.00,16.67
Ro_ro2,888,56.52,17.39,17.39,8.70
Ro_ro2,879,56.52,21.74,21.74,0.00
Ro_ro2,891,56.52,21.74,17.39,4.35
Ro_ro2,865,56.25,25.00,18.75,0.00
Ro_ro2,904,56.10,7.32,26.83,9.76
Ro_ro2,845,56.00,8.00,12.00,24.00
Ro_ro2,928,55.81,18.60,20.93,4.65
Ro_ro2,882,55.56,16.67,27.78,0.00
Ro_ro2,870,55.17,10.34,24.14,10.34
Ro_ro2,848,55.00,15.00,10.00,20.00
Ro_ro2,861,55.00,15.00,30.00,0.00
Ro_ro2,918,54.84,25.81,12.90,6.45
Ro_ro2,879,54.84,22.58,16.13,6.45
Ro_ro2,889,54.55,18.18,27.27,0.00
Ro_ro2,856,54.55,09.09,36.36,0.00
Ro_ro2,900,54.29,11.43,28.57,5.71
Ro_ro2,833,54.29,5.71,20.00,20.00
Ro_ro2,893,54.29,8.57,31.43,5.71
Ro_ro2,892,54.17,12.50,8.33,25.00
Ro_ro2,882,54.00,18.00,22.00,6.00
Ro_ro2,889,53.85,15.38,7.69,23.08
Ro_ro2,873,53.33,13.33,33.33,0.00
Ro_ro2,859,53.33,16.67,26.67,3.33
Ro_ro2,907,52.94,17.65,23.53,5.88
Ro_ro2,923,52.94,14.71,32.35,0.00
Ro_ro2,889,52.38,23.81,4.76,19.05
Ro_ro2,898,52.38,9.52,28.57,9.52
Ro_ro2,860,52.38,9.52,23.81,14.29
Ro_ro2,847,52.00,28.00,12.00,8.00
Ro_ro2,866,52.00,12.00,32.00,4.00
Ro_ro2,863,51.90,21.52,8.86,17.72
Ro_ro2,899,50.00,25.00,10.71,14.29
Ro_ro2,872,50.00,12.50,37.50,0.00
Ro_ro2,886,50.00,10.71,32.14,7.14
Ro_ro2,871,50.00,27.78,11.11,11.11
Ro_ro2,876,50.00,12.50,6.25,31.25
Ro_ro2,906,50.00,11.54,34.62,3.85
Ro_ro2,902,50.00,30.00,20.00,0.00
Ro_ro2,911,50.00,10.00,40.00,0.00
Ro_ro2,902,50.00,50.00,0.00,0.00
Ro_ro2,878,50.00,0.00,33.33,16.67
Ro_ro2,874,50.00,18.75,31.25,0.00
Ro_ro2,885,50.00,18.75,25.00,6.25
Ro_ro2,854,50.00,25.00,10.71,14.29
Ro_ro2,870,50.00,16.67,33.33,0.00
Ro_ro2,852,50.00,7.14,42.86,0.00
Ro_ro2,854,48.65,10.81,21.62,18.92
Ro_ro2,869,48.65,27.03,16.22,8.11
Ro_ro2,886,48.28,17.24,27.59,6.90
Ro_ro2,826,48.00,20.00,32.00,0.00
Ro_ro2,904,48.00,28.00,20.00,4.00
Ro_ro2,883,47.62,14.29,38.10,0.00
Ro_ro2,849,47.62,19.05,33.33,0.00
Ro_ro2,902,47.06,11.76,29.41,11.76
Ro_ro2,900,47.06,35.29,17.65,0.00
Ro_ro2,903,46.67,20.00,6.67,26.67
Ro_ro2,856,46.67,13.33,30.00,10.00
Ro_ro2,862,46.67,26.67,20.00,6.67
Ro_ro2,893,46.15,30.77,7.69,15.38
Ro_ro2,908,46.15,11.54,38.46,3.85
Ro_ro2,867,46.15,23.08,23.08,7.69
Ro_ro2,904,45.45,18.18,22.73,13.64
Ro_ro2,874,45.45,18.18,36.36,0.00
Ro_ro2,873,45.45,27.27,18.18,09.09
Ro_ro2,917,45.45,27.27,22.73,4.55
Ro_ro2,887,45.00,15.00,20.00,20.00
Ro_ro2,893,44.83,10.34,44.83,0.00
Ro_ro2,887,44.44,11.11,44.44,0.00
Ro_ro2,880,44.44,22.22,33.33,0.00
Ro_ro2,883,44.44,11.11,33.33,11.11
Ro_ro2,909,43.75,12.50,34.38,9.38
Ro_ro2,908,43.75,25.00,6.25,25.00
Ro_ro2,843,42.86,32.14,25.00,0.00
Ro_ro2,911,42.86,14.29,35.71,7.14
Ro_ro2,875,42.86,7.14,42.86,7.14
Ro_ro2,909,42.11,36.84,10.53,10.53
Ro_ro2,915,41.86,13.95,30.23,13.95
Ro_ro2,845,41.67,16.67,37.50,4.17
Ro_ro2,875,41.67,25.00,25.00,8.33
Ro_ro2,879,41.38,17.24,13.79,27.59
Ro_ro2,867,41.38,17.24,37.93,3.45
Ro_ro2,883,41.18,23.53,23.53,11.76
Ro_ro2,905,40.00,0.00,40.00,20.00
Ro_ro2,835,40.00,20.00,32.00,8.00
Ro_ro2,864,40.00,25.00,35.00,0.00
Ro_ro2,882,40.00,20.00,40.00,0.00
Ro_ro2,911,40.00,24.00,36.00,0.00
Ro_ro2,918,40.00,20.00,20.00,20.00
Ro_ro2,858,38.46,7.69,46.15,7.69
Ro_ro2,860,38.46,23.08,11.54,26.92
Ro_ro2,882,38.10,23.81,38.10,0.00
Ro_ro2,871,37.50,25.00,12.50,25.00
Ro_ro2,878,37.50,25.00,37.50,0.00
Ro_ro2,837,36.84,5.26,26.32,31.58
Ro_ro2,877,36.84,21.05,42.11,0.00
Ro_ro2,842,36.36,15.15,24.24,24.24
Ro_ro2,897,35.71,21.43,35.71,7.14
Ro_ro2,878,35.29,11.76,29.41,23.53
Ro_ro2,894,33.33,22.22,33.33,11.11
Ro_ro2,904,33.33,20.00,46.67,0.00
Ro_ro2,857,33.33,16.67,50.00,0.00
Ro_ro2,875,33.33,25.00,33.33,8.33
Ali430,891,90.00,10.00,0.00,0.00
Ali430,1005,88.89,0.00,11.11,0.00
Ali430,874,88.00,0.00,8.00,4.00
Ali430,856,86.67,6.67,0.00,6.67
Ali430,865,86.36,13.64,0.00,0.00
Ali430,832,85.71,0.00,0.00,14.29
Ali430,881,85.71,4.76,0.00,9.52
Ali430,900,85.00,10.00,0.00,5.00
Ali430,902,84.21,15.79,0.00,0.00
Ali430,890,84.21,5.26,5.26,5.26
Ali430,998,83.33,8.33,8.33,0.00
Ali430,887,83.33,5.56,5.56,5.56
Ali430,889,83.33,0.00,0.00,16.67
Ali430,919,83.33,5.56,0.00,11.11
Ali430,904,82.35,11.76,5.88,0.00
Ali430,888,81.82,09.09,0.00,09.09
Ali430,881,81.82,12.12,03.03,03.03
Ali430,926,81.82,13.64,0.00,4.55
Ali430,815,81.48,11.11,0.00,7.41
Ali430,992,81.25,9.38,6.25,3.12
Ali430,844,81.25,18.75,0.00,0.00
Ali430,862,81.25,15.62,3.12,0.00
Ali430,913,81.25,0.00,6.25,12.50
Ali430,871,80.95,9.52,9.52,0.00
Ali430,877,80.77,3.85,15.38,0.00
Ali430,895,80.00,13.33,0.00,6.67
Ali430,880,80.00,0.00,13.33,6.67
Ali430,890,78.95,0.00,10.53,10.53
Ali430,891,78.95,0.00,15.79,5.26
Ali430,888,78.26,4.35,17.39,0.00
Ali430,903,78.26,8.70,13.04,0.00
Ali430,877,77.78,0.00,22.22,0.00
Ali430,881,77.78,7.41,14.81,0.00
Ali430,910,77.78,0.00,11.11,11.11
Ali430,869,77.27,09.09,4.55,09.09
Ali430,865,77.27,09.09,13.64,0.00
Ali430,886,77.27,13.64,4.55,4.55
Ali430,911,77.27,13.64,4.55,4.55
Ali430,886,77.27,4.55,18.18,0.00
Ali430,984,76.92,5.13,2.56,15.38
Ali430,885,76.92,7.69,15.38,0.00
Ali430,893,76.92,0.00,23.08,0.00
Ali430,859,76.67,16.67,6.67,0.00
Ali430,918,76.47,5.88,11.76,5.88
Ali430,880,76.19,9.52,0.00,14.29
Ali430,1057,76.00,16.00,8.00,0.00
Ali430,803,75.86,13.79,10.34,0.00
Ali430,846,75.00,0.00,25.00,0.00
Ali430,1224,75.00,12.50,12.50,0.00
Ali430,866,75.00,20.83,0.00,4.17
Ali430,883,75.00,5.56,2.78,16.67
Ali430,888,75.00,12.50,6.25,6.25
Ali430,894,75.00,12.50,0.00,12.50
Ali430,918,75.00,4.17,12.50,8.33
Ali430,904,75.00,4.17,12.50,8.33
Ali430,922,74.19,12.90,12.90,0.00
Ali430,886,74.07,14.81,0.00,11.11
Ali430,889,73.91,8.70,4.35,13.04
Ali430,881,73.33,6.67,0.00,20.00
Ali430,881,73.33,6.67,10.00,10.00
Ali430,875,73.08,11.54,15.38,0.00
Ali430,900,73.08,3.85,15.38,7.69
Ali430,879,72.97,2.70,8.11,16.22
Ali430,826,72.22,5.56,16.67,5.56
Ali430,890,72.22,11.11,11.11,5.56
Ali430,885,72.00,12.00,12.00,4.00
Ali430,817,71.43,21.43,7.14,0.00
Ali430,900,71.43,9.52,0.00,19.05
Ali430,1054,71.43,0.00,0.00,28.57
Ali430,866,71.43,4.76,4.76,19.05
Ali430,878,71.43,8.57,11.43,8.57
Ali430,895,71.43,4.76,14.29,9.52
Ali430,881,70.83,12.50,12.50,4.17
Ali430,883,70.83,8.33,8.33,12.50
Ali430,884,70.37,7.41,14.81,7.41
Ali430,1039,70.00,5.00,10.00,15.00
Ali430,900,70.00,5.00,20.00,5.00
Ali430,850,70.00,0.00,30.00,0.00
Ali430,906,70.00,5.00,20.00,5.00
Ali430,1010,69.70,12.12,12.12,06.06
Ali430,876,69.57,17.39,8.70,4.35
Ali430,907,69.57,17.39,13.04,0.00
Ali430,897,69.57,17.39,8.70,4.35
Ali430,899,69.23,7.69,23.08,0.00
Ali430,875,68.97,10.34,17.24,3.45
Ali430,907,68.97,10.34,13.79,6.90
Ali430,972,68.42,26.32,5.26,0.00
Ali430,998,66.67,11.11,11.11,11.11
Ali430,1022,66.67,13.33,6.67,13.33
Ali430,893,66.67,22.22,11.11,0.00
Ali430,875,66.67,7.41,18.52,7.41
Ali430,865,66.67,19.05,0.00,14.29
Ali430,886,66.67,12.50,8.33,12.50
Ali430,882,66.67,8.33,16.67,8.33
Ali430,876,66.67,6.67,0.00,26.67
Ali430,903,66.67,18.52,3.70,11.11
Ali430,911,66.67,22.22,11.11,0.00
Ali430,892,65.62,12.50,3.12,18.75
Ali430,883,65.52,27.59,3.45,3.45
Ali430,987,65.22,13.04,13.04,8.70
Ali430,880,65.22,30.43,0.00,4.35
Ali430,909,65.00,30.00,0.00,5.00
Ali430,1074,64.71,20.59,5.88,8.82
Ali430,889,64.71,11.76,17.65,5.88
Ali430,874,64.71,11.76,11.76,11.76
Ali430,872,64.71,23.53,5.88,5.88
Ali430,878,64.71,17.65,11.76,5.88
Ali430,909,64.71,17.65,17.65,0.00
Ali430,882,64.29,21.43,7.14,7.14
Ali430,887,64.00,16.00,16.00,4.00
Ali430,871,63.64,09.09,18.18,09.09
Ali430,869,63.64,18.18,4.55,13.64
Ali430,902,63.64,18.18,09.09,09.09
Ali430,880,63.16,21.05,15.79,0.00
Ali430,873,62.96,22.22,14.81,0.00
Ali430,876,62.50,12.50,8.33,16.67
Ali430,885,62.50,25.00,12.50,0.00
Ali430,898,62.50,18.75,18.75,0.00
Ali430,906,62.50,16.67,8.33,12.50
Ali430,870,61.90,23.81,0.00,14.29
Ali430,878,61.90,9.52,23.81,4.76
Ali430,876,61.29,22.58,12.90,3.23
Ali430,883,61.11,16.67,0.00,22.22
Ali430,895,60.87,21.74,4.35,13.04
Ali430,893,60.87,8.70,4.35,26.09
Ali430,918,60.87,0.00,26.09,13.04
Ali430,875,60.71,21.43,10.71,7.14
Ali430,978,60.61,21.21,06.06,12.12
Ali430,825,60.00,20.00,15.00,5.00
Ali430,842,60.00,20.00,20.00,0.00
Ali430,865,60.00,20.00,10.00,10.00
Ali430,872,60.00,6.67,33.33,0.00
Ali430,898,60.00,10.00,10.00,20.00
Ali430,901,60.00,10.00,20.00,10.00
Ali430,883,59.38,15.62,15.62,9.38
Ali430,875,59.09,27.27,13.64,0.00
Ali430,879,59.09,22.73,0.00,18.18
Ali430,1008,58.82,11.76,29.41,0.00
Ali430,993,58.33,16.67,8.33,16.67
Ali430,891,58.33,29.17,4.17,8.33
Ali430,1070,58.33,25.00,16.67,0.00
Ali430,910,58.33,20.83,4.17,16.67
Ali430,884,58.06,9.68,19.35,12.90
Ali430,997,57.89,21.05,10.53,10.53
Ali430,876,57.69,26.92,7.69,7.69
Ali430,887,57.14,7.14,25.00,10.71
Ali430,889,56.52,17.39,4.35,21.74
Ali430,923,56.52,13.04,13.04,17.39
Ali430,981,56.25,12.50,18.75,12.50
Ali430,884,56.00,12.00,16.00,16.00
Ali430,881,55.56,11.11,22.22,11.11
Ali430,881,55.56,11.11,22.22,11.11
Ali430,851,55.56,7.41,18.52,18.52
Ali430,904,55.56,5.56,11.11,27.78
Ali430,925,55.56,22.22,11.11,11.11
Ali430,920,55.00,5.00,20.00,20.00
Ali430,879,54.55,0.00,22.73,22.73
Ali430,890,54.55,09.09,36.36,0.00
Ali430,896,54.55,13.64,31.82,0.00
Ali430,900,53.85,11.54,23.08,11.54
Ali430,883,53.85,15.38,0.00,30.77
Ali430,1007,53.57,17.86,0.00,28.57
Ali430,852,53.33,26.67,6.67,13.33
Ali430,886,53.33,33.33,3.33,10.00
Ali430,893,51.85,7.41,7.41,33.33
Ali430,799,50.00,43.75,0.00,6.25
Ali430,996,50.00,25.00,0.00,25.00
Ali430,998,50.00,30.00,5.00,15.00
Ali430,855,50.00,25.00,5.00,20.00
Ali430,881,50.00,16.67,33.33,0.00
Ali430,884,50.00,15.38,19.23,15.38
Ali430,894,50.00,0.00,50.00,0.00
Ali430,895,50.00,16.67,33.33,0.00
Ali430,905,50.00,13.64,0.00,36.36
Ali430,884,50.00,16.67,22.22,11.11
Ali430,892,48.00,24.00,4.00,24.00
Ali430,881,47.62,14.29,33.33,4.76
Ali430,869,47.06,5.88,29.41,17.65
Ali430,789,46.67,13.33,26.67,13.33
Ali430,888,46.67,20.00,20.00,13.33
Ali430,917,46.67,13.33,26.67,13.33
Ali430,853,46.15,23.08,30.77,0.00
Ali430,892,45.83,16.67,29.17,8.33
Ali430,985,45.45,22.73,09.09,22.73
Ali430,895,45.45,09.09,45.45,0.00
GelioChess,2711,96.15,3.85,0.00,0.00
GelioChess,2775,95.83,0.00,2.78,1.39
GelioChess,2725,95.35,1.16,3.49,0.00
GelioChess,2702,95.31,3.12,0.00,1.56
GelioChess,2770,95.00,5.00,0.00,0.00
GelioChess,2765,94.25,3.45,2.30,0.00
GelioChess,2726,94.12,0.00,5.88,0.00
GelioChess,2761,94.12,0.00,1.96,3.92
GelioChess,2747,93.94,4.55,0.00,1.52
GelioChess,2745,93.94,06.06,0.00,0.00
GelioChess,2754,93.90,6.10,0.00,0.00
GelioChess,2742,93.88,6.12,0.00,0.00
GelioChess,2733,93.75,6.25,0.00,0.00
GelioChess,2740,93.48,2.17,4.35,0.00
GelioChess,2757,93.18,4.55,2.27,0.00
GelioChess,2716,92.86,3.57,3.57,0.00
GelioChess,2752,92.86,3.57,0.00,3.57
GelioChess,2767,92.68,4.88,0.00,2.44
GelioChess,2770,92.68,4.88,2.44,0.00
GelioChess,2770,92.59,7.41,0.00,0.00
GelioChess,2727,92.59,3.70,3.70,0.00
GelioChess,2742,92.42,06.06,0.00,1.52
GelioChess,2749,92.41,1.27,3.80,2.53
GelioChess,2735,92.31,5.13,2.56,0.00
GelioChess,2709,92.31,0.00,3.85,3.85
GelioChess,2748,92.31,7.69,0.00,0.00
GelioChess,2746,92.19,4.69,3.12,0.00
GelioChess,2721,92.11,5.26,0.00,2.63
GelioChess,2733,92.11,2.63,5.26,0.00
GelioChess,2750,92.00,4.00,2.67,1.33
GelioChess,2769,92.00,4.00,4.00,0.00
GelioChess,2705,91.78,2.74,5.48,0.00
GelioChess,2715,91.67,4.17,4.17,0.00
GelioChess,2738,91.46,3.66,4.88,0.00
GelioChess,2731,91.43,2.86,5.71,0.00
GelioChess,2722,91.30,4.35,0.00,4.35
GelioChess,2774,91.18,2.94,2.94,2.94
GelioChess,2745,91.07,7.14,0.00,1.79
GelioChess,2717,90.91,0.00,0.00,09.09
GelioChess,2772,90.91,4.55,4.55,0.00
GelioChess,2732,90.91,0.00,09.09,0.00
GelioChess,2743,90.74,7.41,1.85,0.00
GelioChess,2722,90.48,4.76,4.76,0.00
GelioChess,2719,90.16,6.56,3.28,0.00
GelioChess,2744,90.00,2.50,7.50,0.00
GelioChess,2762,89.66,5.17,0.00,5.17
GelioChess,2752,89.55,7.46,2.99,0.00
GelioChess,2767,89.47,2.63,2.63,5.26
GelioChess,2750,89.39,06.06,4.55,0.00
GelioChess,2742,89.36,6.38,4.26,0.00
GelioChess,2748,89.29,7.14,0.00,3.57
GelioChess,2710,89.09,1.82,09.09,0.00
GelioChess,2710,89.09,7.27,3.64,0.00
GelioChess,2724,88.89,5.56,5.56,0.00
GelioChess,2722,88.68,7.55,0.00,3.77
GelioChess,2782,88.64,2.27,09.09,0.00
GelioChess,2730,88.46,7.69,0.00,3.85
GelioChess,2706,88.33,8.33,3.33,0.00
GelioChess,2723,88.24,2.35,2.35,07.06
GelioChess,2713,88.24,11.76,0.00,0.00
GelioChess,2728,88.24,3.92,7.84,0.00
GelioChess,2708,88.06,8.96,2.99,0.00
GelioChess,2753,88.00,12.00,0.00,0.00
GelioChess,2736,87.88,0.00,12.12,0.00
GelioChess,2716,87.76,8.16,04.08,0.00
GelioChess,2776,87.76,8.16,04.08,0.00
GelioChess,2756,87.69,7.69,4.62,0.00
GelioChess,2749,87.67,4.11,8.22,0.00
GelioChess,2775,87.50,8.33,0.00,4.17
GelioChess,2755,87.50,0.00,4.17,8.33
GelioChess,2746,87.50,12.50,0.00,0.00
GelioChess,2731,87.50,4.17,8.33,0.00
GelioChess,2709,87.18,2.56,7.69,2.56
GelioChess,2728,86.96,4.35,4.35,4.35
GelioChess,2752,86.76,4.41,5.88,2.94
GelioChess,2695,86.67,10.00,0.00,3.33
GelioChess,2751,86.60,7.22,0.00,6.19
GelioChess,2713,86.49,5.41,2.70,5.41
GelioChess,2717,86.49,10.81,2.70,0.00
GelioChess,2728,86.49,5.41,2.70,5.41
GelioChess,2745,86.49,10.81,2.70,0.00
GelioChess,2757,86.44,3.39,05.08,05.08
GelioChess,2763,86.36,09.09,0.00,4.55
GelioChess,2736,86.21,6.90,0.00,6.90
GelioChess,2720,85.71,7.79,6.49,0.00
GelioChess,2717,85.71,0.00,7.14,7.14
GelioChess,2721,85.71,9.52,4.76,0.00
GelioChess,2730,85.71,5.71,0.00,8.57
GelioChess,2704,85.37,12.20,2.44,0.00
GelioChess,2747,85.33,8.00,2.67,4.00
GelioChess,2719,85.29,11.76,2.94,0.00
GelioChess,2748,85.19,3.70,3.70,7.41
GelioChess,2749,85.19,3.70,11.11,0.00
GelioChess,2740,85.00,5.00,10.00,0.00
GelioChess,2739,84.85,06.06,03.03,06.06
GelioChess,2756,84.81,6.33,8.86,0.00
GelioChess,2714,84.78,10.87,4.35,0.00
GelioChess,2771,84.62,9.62,0.00,5.77
GelioChess,2779,84.29,5.71,5.71,4.29
GelioChess,2778,84.21,14.04,1.75,0.00
GelioChess,2721,84.09,11.36,4.55,0.00
GelioChess,2777,84.00,12.00,0.00,4.00
GelioChess,2757,84.00,4.00,0.00,12.00
GelioChess,2780,83.87,6.45,6.45,3.23
GelioChess,2722,83.33,8.33,8.33,0.00
GelioChess,2711,83.33,10.00,6.67,0.00
GelioChess,2783,83.33,8.33,8.33,0.00
GelioChess,2744,83.13,9.64,06.02,1.20
GelioChess,2722,83.10,8.45,07.04,1.41
GelioChess,2726,83.05,13.56,3.39,0.00
GelioChess,2730,83.02,9.43,7.55,0.00
GelioChess,2713,82.98,6.38,10.64,0.00
GelioChess,2725,82.76,6.90,6.90,3.45
GelioChess,2721,82.61,8.70,6.52,2.17
GelioChess,2748,82.54,6.35,11.11,0.00
GelioChess,2735,82.50,12.50,5.00,0.00
GelioChess,2753,82.35,5.88,11.76,0.00
GelioChess,2754,82.35,8.24,8.24,1.18
GelioChess,2734,82.22,6.67,11.11,0.00
GelioChess,2738,82.22,6.67,6.67,4.44
GelioChess,2710,82.14,14.29,3.57,0.00
GelioChess,2728,81.82,09.09,4.55,4.55
GelioChess,2705,81.48,14.81,0.00,3.70
GelioChess,2743,81.40,9.30,6.98,2.33
GelioChess,2749,81.40,11.63,6.98,0.00
GelioChess,2702,81.13,3.77,15.09,0.00
GelioChess,2715,81.08,13.51,5.41,0.00
GelioChess,2774,81.08,2.70,16.22,0.00
GelioChess,2782,81.03,5.17,12.07,1.72
GelioChess,2719,80.95,7.14,11.90,0.00
GelioChess,2758,80.65,9.68,9.68,0.00
GelioChess,2703,80.43,10.87,8.70,0.00
GelioChess,2696,80.00,13.33,6.67,0.00
GelioChess,2708,80.00,14.29,2.86,2.86
GelioChess,2775,80.00,5.71,11.43,2.86
GelioChess,2742,80.00,14.29,2.86,2.86
GelioChess,2779,79.59,14.29,02.04,04.08
GelioChess,2714,79.37,7.94,9.52,3.17
GelioChess,2726,78.79,12.12,06.06,03.03
GelioChess,2730,78.69,6.56,14.75,0.00
GelioChess,2722,78.57,14.29,7.14,0.00
GelioChess,2770,78.57,10.71,10.71,0.00
GelioChess,2721,78.46,13.85,7.69,0.00
GelioChess,2738,78.26,17.39,2.17,2.17
GelioChess,2701,78.12,15.62,3.12,3.12
GelioChess,2698,78.05,9.76,7.32,4.88
GelioChess,2755,77.97,3.39,13.56,05.08
GelioChess,2712,77.78,16.67,2.78,2.78
GelioChess,2767,77.78,11.11,5.56,5.56
GelioChess,2740,77.78,6.17,7.41,8.64
GelioChess,2726,77.42,9.68,12.90,0.00
GelioChess,2721,77.33,17.33,4.00,1.33
GelioChess,2776,76.92,19.23,3.85,0.00
GelioChess,2763,76.74,4.65,11.63,6.98
GelioChess,2718,76.67,10.00,6.67,6.67
GelioChess,2755,76.67,13.33,10.00,0.00
GelioChess,2761,76.67,11.67,6.67,5.00
GelioChess,2717,76.60,12.77,10.64,0.00
GelioChess,2718,76.47,23.53,0.00,0.00
GelioChess,2713,76.19,14.29,9.52,0.00
GelioChess,2719,76.06,11.27,9.86,2.82
GelioChess,2706,75.86,13.79,10.34,0.00
GelioChess,2728,75.86,17.24,3.45,3.45
GelioChess,2723,75.64,11.54,6.41,6.41
GelioChess,2772,75.56,17.78,4.44,2.22
GelioChess,2721,75.47,13.21,7.55,3.77
GelioChess,2751,75.28,5.62,17.98,1.12
GelioChess,2752,75.00,10.00,10.00,5.00
GelioChess,2761,74.36,15.38,10.26,0.00
GelioChess,2779,74.29,20.00,4.29,1.43
GelioChess,2751,73.91,13.04,8.70,4.35
GelioChess,2750,73.68,15.79,7.89,2.63
GelioChess,2775,73.24,18.31,2.82,5.63
GelioChess,2725,73.17,14.63,12.20,0.00
GelioChess,2772,73.08,11.54,15.38,0.00
GelioChess,2766,72.73,18.18,03.03,06.06
GelioChess,2747,72.73,13.64,6.82,6.82
GelioChess,2758,72.41,17.24,10.34,0.00
GelioChess,2775,71.88,18.75,9.38,0.00
GelioChess,2707,71.43,19.05,9.52,0.00
GelioChess,2718,71.43,11.43,17.14,0.00
GelioChess,2734,71.43,7.14,17.86,3.57
GelioChess,2724,70.97,08.06,17.74,3.23
GelioChess,2720,70.97,12.90,11.29,4.84
GelioChess,2727,70.83,12.50,16.67,0.00
GelioChess,2700,70.00,20.00,10.00,0.00
GelioChess,2743,69.44,13.89,5.56,11.11
GelioChess,2724,69.39,22.45,8.16,0.00
GelioChess,2717,69.05,16.67,7.14,7.14
GelioChess,2727,69.05,9.52,7.14,14.29
faceofmarlboro,1766,79.49,10.26,5.13,5.13
faceofmarlboro,1792,91.67,4.17,4.17,0.00
faceofmarlboro,1782,91.53,0.00,0.00,8.47
faceofmarlboro,1769,90.91,0.00,09.09,0.00
faceofmarlboro,1792,89.58,4.17,4.17,02.08
faceofmarlboro,1762,89.29,7.14,3.57,0.00
faceofmarlboro,1744,88.89,11.11,0.00,0.00
faceofmarlboro,1814,88.89,5.56,5.56,0.00
faceofmarlboro,1798,88.64,4.55,2.27,4.55
faceofmarlboro,1804,88.00,12.00,0.00,0.00
faceofmarlboro,1741,87.50,9.38,0.00,3.12
faceofmarlboro,1653,87.50,4.17,4.17,4.17
faceofmarlboro,1750,87.10,3.23,6.45,3.23
faceofmarlboro,1768,86.84,7.89,2.63,2.63
faceofmarlboro,1766,86.84,10.53,0.00,2.63
faceofmarlboro,1750,86.79,0.00,11.32,1.89
faceofmarlboro,1747,86.67,11.11,0.00,2.22
faceofmarlboro,1756,86.36,09.09,4.55,0.00
faceofmarlboro,1756,86.21,6.90,3.45,3.45
faceofmarlboro,1771,86.11,5.56,2.78,5.56
faceofmarlboro,1760,86.00,8.00,4.00,2.00
faceofmarlboro,1737,86.00,8.00,6.00,0.00
faceofmarlboro,1756,85.96,1.75,3.51,8.77
faceofmarlboro,1747,85.71,7.14,7.14,0.00
faceofmarlboro,1750,85.71,7.14,7.14,0.00
faceofmarlboro,1731,85.42,10.42,02.08,02.08
faceofmarlboro,1757,85.37,4.88,4.88,4.88
faceofmarlboro,1739,85.00,5.00,0.00,10.00
faceofmarlboro,1743,84.62,7.69,0.00,7.69
faceofmarlboro,1745,84.62,3.85,3.85,7.69
faceofmarlboro,1793,84.38,12.50,0.00,3.12
faceofmarlboro,1756,83.78,2.70,8.11,5.41
faceofmarlboro,1733,83.33,8.33,0.00,8.33
faceofmarlboro,1745,83.33,8.33,8.33,0.00
faceofmarlboro,1752,83.33,7.14,0.00,9.52
faceofmarlboro,1787,83.33,11.11,5.56,0.00
faceofmarlboro,1810,83.33,2.78,0.00,13.89
faceofmarlboro,1747,82.98,17.02,0.00,0.00
faceofmarlboro,1741,82.86,14.29,0.00,2.86
faceofmarlboro,1756,82.76,15.52,0.00,1.72
faceofmarlboro,1748,82.46,12.28,5.26,0.00
faceofmarlboro,1787,82.26,9.68,4.84,3.23
faceofmarlboro,1738,82.14,12.50,5.36,0.00
faceofmarlboro,1754,82.14,3.57,7.14,7.14
faceofmarlboro,1739,81.82,18.18,0.00,0.00
faceofmarlboro,1756,81.82,09.09,09.09,0.00
faceofmarlboro,1738,81.63,14.29,02.04,02.04
faceofmarlboro,1739,81.25,9.38,9.38,0.00
faceofmarlboro,1762,81.16,7.25,1.45,10.14
faceofmarlboro,1759,81.13,9.43,9.43,0.00
faceofmarlboro,1744,81.13,3.77,3.77,11.32
faceofmarlboro,1759,80.95,6.35,4.76,7.94
faceofmarlboro,1726,80.56,11.11,5.56,2.78
faceofmarlboro,1765,80.00,10.00,10.00,0.00
faceofmarlboro,1744,80.00,6.67,13.33,0.00
faceofmarlboro,1752,80.00,6.67,6.67,6.67
faceofmarlboro,1804,80.00,5.00,15.00,0.00
faceofmarlboro,1816,80.00,0.00,20.00,0.00
faceofmarlboro,1751,79.41,0.00,5.88,14.71
faceofmarlboro,1761,79.41,2.94,17.65,0.00
faceofmarlboro,1781,79.07,13.95,0.00,6.98
faceofmarlboro,1737,78.85,9.62,7.69,3.85
faceofmarlboro,1733,78.79,12.12,0.00,09.09
faceofmarlboro,1810,78.79,7.58,09.09,4.55
faceofmarlboro,1765,78.57,14.29,0.00,7.14
faceofmarlboro,1766,78.38,13.51,2.70,5.41
faceofmarlboro,1756,78.26,13.04,4.35,4.35
faceofmarlboro,1761,78.26,11.59,10.14,0.00
faceofmarlboro,1803,78.12,12.50,9.38,0.00
faceofmarlboro,1808,78.08,9.59,8.22,4.11
faceofmarlboro,1754,77.78,2.78,8.33,11.11
faceofmarlboro,1803,77.63,13.16,7.89,1.32
faceofmarlboro,1792,77.61,10.45,2.99,8.96
faceofmarlboro,1756,77.42,12.90,9.68,0.00
faceofmarlboro,1754,77.27,13.64,4.55,4.55
faceofmarlboro,1756,77.19,10.53,8.77,3.51
faceofmarlboro,1754,77.14,11.43,8.57,2.86
faceofmarlboro,1762,76.92,11.54,7.69,3.85
faceofmarlboro,1759,76.92,15.38,7.69,0.00
faceofmarlboro,1765,76.92,7.69,11.54,3.85
faceofmarlboro,1744,76.92,7.69,11.54,3.85
faceofmarlboro,1786,76.92,7.69,15.38,0.00
faceofmarlboro,1767,76.47,5.88,11.76,5.88
faceofmarlboro,1751,76.32,13.16,7.89,2.63
faceofmarlboro,1781,76.00,20.00,4.00,0.00
faceofmarlboro,1750,76.00,8.00,8.00,8.00
faceofmarlboro,1775,76.00,8.00,12.00,4.00
faceofmarlboro,1799,76.00,16.00,6.00,2.00
faceofmarlboro,1773,75.68,8.11,10.81,5.41
faceofmarlboro,1762,75.61,14.63,7.32,2.44
faceofmarlboro,1760,75.00,13.89,8.33,2.78
faceofmarlboro,1741,75.00,6.25,18.75,0.00
faceofmarlboro,1781,75.00,16.67,5.56,2.78
faceofmarlboro,1762,75.00,9.38,6.25,9.38
faceofmarlboro,1750,75.00,0.00,25.00,0.00
faceofmarlboro,1755,75.00,6.25,0.00,18.75
faceofmarlboro,1755,75.00,8.33,4.17,12.50
faceofmarlboro,1768,75.00,0.00,25.00,0.00
faceofmarlboro,1786,75.00,09.09,4.55,11.36
faceofmarlboro,1776,74.65,14.08,9.86,1.41
faceofmarlboro,1770,74.29,14.29,2.86,8.57
faceofmarlboro,1747,74.07,9.26,16.67,0.00
faceofmarlboro,1805,74.00,12.00,2.00,12.00
faceofmarlboro,1765,73.91,0.00,17.39,8.70
faceofmarlboro,1810,73.91,13.04,13.04,0.00
faceofmarlboro,1750,73.58,11.32,9.43,5.66
faceofmarlboro,1753,73.53,8.82,5.88,11.76
faceofmarlboro,1753,73.53,11.76,11.76,2.94
faceofmarlboro,1758,73.33,6.67,20.00,0.00
faceofmarlboro,1760,73.33,13.33,3.33,10.00
faceofmarlboro,1786,73.33,20.00,6.67,0.00
faceofmarlboro,1767,73.08,15.38,3.85,7.69
faceofmarlboro,1761,72.73,13.64,09.09,4.55
faceofmarlboro,1803,72.73,11.36,09.09,6.82
faceofmarlboro,1804,72.37,15.79,3.95,7.89
faceofmarlboro,1787,72.22,0.00,27.78,0.00
faceofmarlboro,1771,72.00,16.00,0.00,12.00
faceofmarlboro,1734,72.00,16.00,8.00,4.00
faceofmarlboro,1759,71.93,8.77,3.51,15.79
faceofmarlboro,1761,71.93,12.28,8.77,07.02
faceofmarlboro,1752,71.88,9.38,15.62,3.12
faceofmarlboro,1747,71.88,15.62,9.38,3.12
faceofmarlboro,1750,71.79,15.38,5.13,7.69
faceofmarlboro,1803,71.74,10.87,15.22,2.17
faceofmarlboro,1748,71.43,4.76,7.14,16.67
faceofmarlboro,1754,71.43,14.29,14.29,0.00
faceofmarlboro,1781,71.43,14.29,2.86,11.43
faceofmarlboro,1759,71.43,14.29,14.29,0.00
faceofmarlboro,1787,71.05,13.16,5.26,10.53
faceofmarlboro,1747,70.91,16.36,10.91,1.82
faceofmarlboro,1775,70.59,11.76,17.65,0.00
faceofmarlboro,1798,70.59,20.59,0.00,8.82
faceofmarlboro,1753,70.37,7.41,22.22,0.00
faceofmarlboro,1759,70.00,10.00,20.00,0.00
faceofmarlboro,1760,69.70,13.64,16.67,0.00
faceofmarlboro,1759,69.57,17.39,0.00,13.04
faceofmarlboro,1780,69.57,19.57,10.87,0.00
faceofmarlboro,1738,69.23,6.15,4.62,20.00
faceofmarlboro,1798,69.23,11.54,19.23,0.00
faceofmarlboro,1744,68.75,18.75,12.50,0.00
faceofmarlboro,1798,68.75,15.62,3.12,12.50
faceofmarlboro,1759,68.57,12.86,11.43,7.14
faceofmarlboro,1782,68.42,15.79,10.53,5.26
faceofmarlboro,1763,68.42,15.79,15.79,0.00
faceofmarlboro,1772,68.18,4.55,27.27,0.00
faceofmarlboro,1752,68.18,13.64,18.18,0.00
faceofmarlboro,1763,68.00,12.00,20.00,0.00
faceofmarlboro,1747,68.00,12.00,16.00,4.00
faceofmarlboro,1744,67.92,26.42,3.77,1.89
faceofmarlboro,1774,67.86,10.71,7.14,14.29
faceofmarlboro,1760,67.74,16.13,12.90,3.23
faceofmarlboro,1731,66.67,13.33,20.00,0.00
faceofmarlboro,1737,66.67,7.41,22.22,3.70
faceofmarlboro,1755,66.67,11.11,11.11,11.11
faceofmarlboro,1792,66.67,7.41,14.81,11.11
faceofmarlboro,1793,66.67,14.81,14.81,3.70
faceofmarlboro,1746,65.96,14.89,17.02,2.13
faceofmarlboro,1809,65.85,14.63,7.32,12.20
faceofmarlboro,1741,65.79,18.42,5.26,10.53
faceofmarlboro,1804,65.79,10.53,5.26,18.42
faceofmarlboro,1759,65.00,17.50,10.00,7.50
faceofmarlboro,1768,65.00,25.00,5.00,5.00
faceofmarlboro,1752,64.52,12.90,22.58,0.00
faceofmarlboro,1768,64.52,9.68,9.68,16.13
faceofmarlboro,1768,63.83,14.89,21.28,0.00
faceofmarlboro,1764,62.50,16.67,12.50,8.33
faceofmarlboro,1747,62.50,8.33,8.33,20.83
faceofmarlboro,1798,62.50,33.33,4.17,0.00
faceofmarlboro,1744,61.90,16.67,21.43,0.00
faceofmarlboro,1787,61.54,15.38,15.38,7.69
faceofmarlboro,1762,61.29,12.90,19.35,6.45
faceofmarlboro,1766,61.11,22.22,16.67,0.00
faceofmarlboro,1750,60.98,12.20,17.07,9.76
faceofmarlboro,1797,60.71,17.86,7.14,14.29
faceofmarlboro,1758,60.00,15.00,20.00,5.00
faceofmarlboro,1740,60.00,20.00,20.00,0.00
faceofmarlboro,1803,59.38,15.62,12.50,12.50
faceofmarlboro,1765,57.89,31.58,10.53,0.00
faceofmarlboro,1804,57.89,10.53,15.79,15.79
faceofmarlboro,1804,57.41,18.52,22.22,1.85
faceofmarlboro,1673,57.14,21.43,21.43,0.00
faceofmarlboro,1762,57.14,14.29,14.29,14.29
faceofmarlboro,1763,57.14,22.86,14.29,5.71
faceofmarlboro,1810,56.67,30.00,13.33,0.00
faceofmarlboro,1766,56.25,16.67,12.50,14.58
faceofmarlboro,1769,55.17,20.69,13.79,10.34
testCase,100,0,0,0,100
testCase,105,0,0,5,95
testCase,101,0,0,3,97
testCase,230,3,2,8,87
testCase,270,5,2,2,91
testCase,300,0,0,0,100
testCase,400,8,20,20,52
testCase,450,8,10,30,52
testCase,450,10,16,20,54
testCase,450,44,0,0,56
testCase,500,22,15,5,58
testCase,550,18,2,10,60
testCase,600,13,10,15,62
testCase,650,20,5,15,60